     0/199     5.78G     0.931     0.935         0      1.87         4  1.02e+03         0         0     0.079         0     0.795     0.498         0
     1/199     6.39G     0.643     0.353         0     0.996         3  1.02e+03         1     0.012     0.582    0.0238     0.647     0.338         0
     2/199     6.39G     0.557      0.25         0     0.808         5  1.02e+03       0.9     0.433     0.729     0.585      0.61     0.262         0
     3/199     6.39G     0.516     0.179         0     0.695         6  1.02e+03     0.915     0.516     0.795      0.66     0.547     0.193         0
     4/199     6.39G      0.48     0.162         0     0.642         4  1.02e+03     0.884     0.733     0.861     0.802     0.517     0.172         0
     5/199     6.39G     0.451     0.143         0     0.594         3  1.02e+03     0.862     0.831     0.881     0.846     0.496     0.158         0
     6/199     6.39G     0.427      0.13         0     0.557         5  1.02e+03     0.827     0.865     0.883     0.846     0.461     0.149         0
     7/199     6.39G     0.408     0.119         0     0.526         2  1.02e+03     0.858     0.892     0.913     0.874     0.441     0.138         0
     8/199     6.39G     0.398     0.114         0     0.512         2  1.02e+03     0.789     0.916     0.924     0.848     0.418     0.132         0
     9/199     6.39G     0.378     0.107         0     0.485         4  1.02e+03     0.794     0.927     0.939     0.855     0.403     0.125         0
    10/199     6.39G      0.36       0.1         0     0.461         4  1.02e+03     0.832     0.892     0.938     0.861     0.419     0.122         0
    11/199     6.39G     0.356    0.0961         0     0.452         2  1.02e+03     0.782      0.94      0.95     0.853     0.388     0.115         0
    12/199     6.39G     0.347    0.0892         0     0.436         5  1.02e+03     0.818     0.918     0.936     0.865     0.383     0.113         0
    13/199     6.39G     0.346    0.0884         0     0.434         4  1.02e+03     0.759     0.948     0.947     0.843     0.372      0.11         0
    14/199     6.39G     0.327    0.0836         0     0.411         4  1.02e+03     0.805     0.928      0.94     0.862     0.369     0.104         0
    15/199     6.39G     0.325    0.0793         0     0.404         4  1.02e+03     0.737     0.952     0.945     0.831     0.401    0.0998         0
    16/199     6.39G     0.333    0.0777         0      0.41         5  1.02e+03     0.801     0.924     0.951     0.858     0.362    0.0986         0
    17/199     6.39G     0.331    0.0774         0     0.408         4  1.02e+03     0.773      0.94     0.958     0.848     0.364    0.0949         0
    18/199     6.39G     0.322    0.0711         0     0.393         2  1.02e+03     0.744     0.952     0.961     0.835     0.369    0.0938         0
    19/199     6.39G     0.316    0.0704         0     0.387         2  1.02e+03     0.807     0.952     0.964     0.873     0.376    0.0911         0
    20/199     6.39G     0.306    0.0691         0     0.375         3  1.02e+03     0.822     0.952     0.968     0.882     0.367    0.0888         0
    21/199     6.39G      0.31    0.0657         0     0.376         3  1.02e+03     0.841     0.952     0.969     0.893     0.359    0.0864         0
    22/199     6.39G     0.299     0.064         0     0.363         4  1.02e+03     0.824     0.952     0.969     0.883     0.343    0.0845         0
    23/199     6.39G     0.306    0.0631         0     0.369         2  1.02e+03     0.817      0.94     0.963     0.874     0.343    0.0844         0
    24/199     6.39G     0.303    0.0606         0     0.364         5  1.02e+03      0.82     0.952     0.974     0.881     0.338    0.0825         0
    25/199     6.39G     0.294    0.0596         0     0.353         4  1.02e+03     0.817     0.952     0.974      0.88     0.359    0.0796         0
    26/199     6.39G     0.288    0.0576         0     0.346         4  1.02e+03      0.83     0.952     0.974     0.887     0.337    0.0791         0
    27/199     6.39G     0.293    0.0589         0     0.352         4  1.02e+03     0.836     0.964     0.977     0.895     0.348    0.0773         0
    28/199     6.39G     0.292    0.0588         0     0.351         4  1.02e+03       0.8     0.964     0.979     0.874     0.332    0.0752         0
    29/199     6.39G     0.275    0.0551         0      0.33         3  1.02e+03     0.839     0.964     0.976     0.897     0.334     0.076         0
    30/199     6.39G     0.294    0.0558         0     0.349         5  1.02e+03     0.813     0.964     0.976     0.882     0.338    0.0749         0
    31/199     6.39G     0.285    0.0547         0      0.34         5  1.02e+03     0.846     0.952     0.975     0.896     0.342     0.074         0
    32/199     6.39G     0.268    0.0537         0     0.322         4  1.02e+03     0.808     0.964     0.977     0.879     0.332    0.0727         0
    33/199     6.39G     0.278    0.0534         0     0.332         3  1.02e+03     0.793     0.964      0.98      0.87     0.331    0.0719         0
    34/199     6.39G     0.275     0.051         0     0.326         6  1.02e+03     0.799     0.964     0.979     0.874     0.351    0.0707         0
    35/199     6.39G     0.278    0.0523         0     0.331         4  1.02e+03     0.803     0.964     0.981     0.876     0.325    0.0712         0
    36/199     6.39G     0.272    0.0502         0     0.322         6  1.02e+03      0.85     0.964     0.977     0.903     0.345    0.0713         0
    37/199     6.39G     0.282    0.0522         0     0.334         5  1.02e+03      0.82     0.964     0.981     0.886     0.338    0.0706         0
    38/199     6.39G     0.264    0.0492         0     0.314         3  1.02e+03     0.841     0.964     0.979     0.898     0.351    0.0693         0
    39/199     6.39G     0.263    0.0466         0      0.31         3  1.02e+03     0.842      0.96     0.976     0.897     0.332    0.0713         0
    40/199     6.39G      0.26    0.0483         0     0.309         3  1.02e+03     0.844     0.964     0.978       0.9      0.36    0.0688         0
    41/199     6.39G     0.267    0.0484         0     0.315         4  1.02e+03     0.857     0.952     0.977     0.902     0.339    0.0702         0
    42/199     6.39G     0.257     0.045         0     0.302         4  1.02e+03     0.813     0.964     0.981     0.882     0.335    0.0693         0
    43/199     6.39G     0.262    0.0463         0     0.308         2  1.02e+03     0.807     0.964     0.981     0.878     0.332    0.0681         0
    44/199     6.39G     0.256    0.0461         0     0.302         3  1.02e+03     0.785     0.964     0.981     0.865      0.33    0.0685         0
    45/199     6.39G     0.255    0.0458         0       0.3         3  1.02e+03     0.817     0.964     0.983     0.884     0.332    0.0669         0
    46/199     6.39G     0.256    0.0462         0     0.302         6  1.02e+03     0.856     0.952     0.979     0.901      0.34    0.0678         0
    47/199     6.39G     0.252    0.0446         0     0.297         3  1.02e+03     0.817     0.952     0.979     0.879     0.325    0.0669         0
    48/199     6.39G     0.252    0.0458         0     0.298         3  1.02e+03     0.854     0.976     0.983     0.911     0.332    0.0661         0
    49/199     6.39G      0.25    0.0449         0     0.295         2  1.02e+03     0.879     0.964     0.981     0.919     0.332    0.0657         0
    50/199     6.39G     0.254    0.0459         0       0.3         3  1.02e+03     0.866     0.964     0.981     0.912     0.322    0.0657         0
    51/199     6.39G     0.249    0.0451         0     0.294         4  1.02e+03     0.822     0.976     0.982     0.892     0.333    0.0651         0
    52/199     6.39G     0.248    0.0428         0     0.291         2  1.02e+03     0.838     0.976     0.983     0.902     0.355    0.0647         0
    53/199     6.39G     0.254    0.0447         0     0.299         3  1.02e+03     0.887     0.952      0.98     0.918      0.33    0.0662         0
    54/199     6.39G     0.245    0.0433         0     0.288         2  1.02e+03     0.889     0.964     0.982     0.925     0.333    0.0647         0
    55/199     6.39G     0.246    0.0448         0      0.29         5  1.02e+03      0.89     0.964     0.983     0.925     0.341    0.0638         0
    56/199     6.39G     0.242    0.0431         0     0.285         3  1.02e+03     0.861      0.97     0.983     0.912     0.335    0.0641         0
    57/199     6.39G     0.245    0.0426         0     0.287         3  1.02e+03     0.867     0.976     0.985     0.918     0.325     0.064         0
    58/199     6.39G      0.24    0.0429         0     0.283         3  1.02e+03     0.872     0.976     0.985     0.921      0.33    0.0637         0
    59/199     6.39G     0.235    0.0421         0     0.277         4  1.02e+03     0.899     0.964     0.978     0.931     0.328    0.0649         0
    60/199     6.39G     0.235    0.0398         0     0.274         4  1.02e+03      0.92     0.964     0.982     0.941      0.33    0.0634         0
    61/199     6.39G     0.237    0.0417         0     0.279         5  1.02e+03     0.884     0.976     0.984     0.928     0.336    0.0625         0
    62/199     6.39G     0.233    0.0393         0     0.272         4  1.02e+03     0.927     0.964     0.982     0.945     0.331    0.0643         0
    63/199     6.39G     0.227     0.041         0     0.268         4  1.02e+03     0.887     0.976     0.983     0.929      0.34    0.0632         0
    64/199     6.39G     0.228    0.0417         0      0.27         3  1.02e+03     0.882     0.976     0.983     0.926     0.339    0.0625         0
    65/199     6.39G     0.224    0.0396         0     0.263         4  1.02e+03     0.903     0.976     0.984     0.938      0.33    0.0619         0
    66/199     6.39G     0.229    0.0412         0      0.27         4  1.02e+03     0.884     0.964     0.984     0.922     0.336    0.0623         0
    67/199     6.39G     0.228    0.0408         0     0.269         2  1.02e+03      0.89     0.964     0.985     0.925     0.331    0.0627         0
    68/199     6.39G     0.229     0.039         0     0.268         4  1.02e+03      0.89     0.964     0.984     0.925     0.327     0.063         0
    69/199     6.39G      0.22    0.0385         0     0.259         4  1.02e+03     0.908     0.964      0.98     0.935     0.337    0.0631         0
    70/199     6.39G     0.228    0.0402         0     0.268         7  1.02e+03     0.873     0.976     0.981     0.922      0.32    0.0622         0
    71/199     6.39G     0.221    0.0402         0     0.261         3  1.02e+03     0.884     0.964     0.978     0.922     0.329    0.0625         0
    72/199     6.39G     0.223    0.0385         0     0.261         6  1.02e+03     0.885     0.964     0.977     0.923     0.331    0.0632         0
    73/199     6.39G     0.218    0.0389         0     0.257         3  1.02e+03     0.899     0.964     0.979      0.93     0.326    0.0641         0
    74/199     6.39G     0.218    0.0393         0     0.257         4  1.02e+03      0.89     0.964     0.976     0.926     0.317    0.0639         0
    75/199     6.39G     0.213    0.0383         0     0.252         3  1.02e+03     0.888     0.964     0.976     0.925     0.323    0.0636         0
    76/199     6.39G      0.22    0.0389         0     0.259         3  1.02e+03     0.887     0.964     0.978     0.924     0.332    0.0614         0
    77/199     6.39G     0.219    0.0394         0     0.258         7  1.02e+03     0.904     0.964     0.979     0.933     0.336    0.0611         0
    78/199     6.39G     0.217    0.0387         0     0.256         3  1.02e+03     0.889     0.964      0.98     0.925     0.324    0.0618         0
    79/199     6.39G     0.218    0.0386         0     0.256         4  1.02e+03     0.889     0.976     0.981      0.93     0.329    0.0609         0
    80/199     6.39G     0.211    0.0373         0     0.248         4  1.02e+03     0.914     0.976      0.98     0.944     0.329    0.0613         0
    81/199     6.39G     0.212    0.0372         0     0.249         3  1.02e+03     0.912     0.976     0.981     0.943     0.327    0.0609         0
    82/199     6.39G      0.21    0.0373         0     0.247         5  1.02e+03     0.895     0.964     0.979     0.928     0.321    0.0618         0
    83/199     6.39G     0.208    0.0377         0     0.246         5  1.02e+03      0.89     0.964      0.98     0.926     0.321    0.0611         0
    84/199     6.39G     0.213    0.0373         0     0.251         4  1.02e+03     0.894     0.976      0.98     0.933     0.333    0.0606         0
    85/199     6.39G     0.202    0.0365         0     0.238         2  1.02e+03      0.92     0.976     0.981     0.947     0.326    0.0612         0
    86/199     6.39G     0.213    0.0377         0     0.251         5  1.02e+03     0.908     0.964     0.984     0.935      0.32    0.0613         0
    87/199     6.39G     0.209    0.0373         0     0.246         8  1.02e+03     0.879     0.976     0.985     0.925      0.32    0.0609         0
    88/199     6.39G     0.208    0.0387         0     0.246         2  1.02e+03     0.882     0.964      0.98     0.921      0.32    0.0603         0
    89/199     6.39G     0.203    0.0368         0      0.24         2  1.02e+03     0.906     0.964     0.981     0.934     0.323    0.0614         0
    90/199     6.39G     0.208    0.0365         0     0.244         2  1.02e+03     0.931     0.969     0.981      0.95     0.321    0.0603         0
    91/199     6.39G     0.207    0.0364         0     0.244         4  1.02e+03     0.912     0.964      0.98     0.937     0.325    0.0618         0
    92/199     6.39G     0.201    0.0363         0     0.237         3  1.02e+03     0.897     0.988     0.982      0.94     0.325    0.0595         0
    93/199     6.39G     0.207    0.0359         0     0.243         7  1.02e+03       0.9     0.988     0.982     0.942      0.32    0.0605         0
    94/199     6.39G     0.208    0.0352         0     0.243         5  1.02e+03     0.909     0.964     0.981     0.936     0.317    0.0609         0
    95/199     6.39G     0.199    0.0355         0     0.235         3  1.02e+03     0.908     0.976     0.982     0.941     0.325    0.0601         0
    96/199     6.39G     0.201    0.0341         0     0.235         3  1.02e+03     0.929     0.976     0.982     0.952     0.311    0.0609         0
    97/199     6.39G     0.201    0.0356         0     0.236         4  1.02e+03     0.933     0.976     0.982     0.954      0.32    0.0607         0
    98/199     6.39G     0.196    0.0364         0     0.233         4  1.02e+03     0.911     0.983     0.982     0.945     0.313    0.0598         0
    99/199     6.39G     0.197    0.0355         0     0.232         4  1.02e+03     0.921     0.981     0.983      0.95      0.31    0.0609         0
   100/199     6.39G     0.193     0.034         0     0.227         4  1.02e+03     0.926     0.964     0.981     0.945     0.312    0.0617         0
   101/199     6.39G     0.198    0.0362         0     0.234         5  1.02e+03      0.92     0.964     0.981     0.941     0.322    0.0605         0
   102/199     6.39G       0.2    0.0351         0     0.235         4  1.02e+03     0.917     0.976     0.982     0.945     0.319    0.0593         0
   103/199     6.39G     0.197    0.0351         0     0.232         4  1.02e+03     0.934     0.976     0.981     0.954     0.322    0.0605         0
   104/199     6.39G     0.198    0.0371         0     0.235         6  1.02e+03     0.933     0.976     0.981     0.954     0.321    0.0599         0
   105/199     6.39G     0.194    0.0347         0     0.228         3  1.02e+03     0.923     0.988     0.982     0.955     0.315    0.0597         0
   106/199     6.39G     0.199    0.0355         0     0.235         5  1.02e+03     0.919     0.976     0.981     0.947     0.321    0.0596         0
   107/199     6.39G     0.195    0.0336         0     0.229         6  1.02e+03     0.911     0.988     0.982     0.948     0.319    0.0597         0
   108/199     6.39G     0.198    0.0354         0     0.233         4  1.02e+03     0.907     0.988     0.981     0.946     0.318    0.0592         0
   109/199     6.39G     0.197    0.0366         0     0.233         5  1.02e+03     0.933     0.988     0.983      0.96      0.32    0.0596         0
   110/199     6.39G     0.188    0.0335         0     0.222         4  1.02e+03     0.933     0.988     0.982      0.96     0.318    0.0599         0
   111/199     6.39G     0.188    0.0367         0     0.225         5  1.02e+03      0.93     0.988     0.982     0.958      0.32    0.0597         0
   112/199     6.39G      0.19    0.0343         0     0.224         5  1.02e+03     0.942     0.986     0.982     0.964     0.311    0.0606         0
   113/199     6.39G     0.182     0.034         0     0.215         4  1.02e+03      0.92     0.988     0.981     0.953     0.309      0.06         0
   114/199     6.39G     0.188    0.0351         0     0.223         4  1.02e+03     0.933     0.988     0.982      0.96      0.31    0.0597         0
   115/199     6.39G     0.182    0.0333         0     0.215         5  1.02e+03     0.933     0.988     0.981      0.96     0.316    0.0592         0
   116/199     6.39G     0.183    0.0322         0     0.215         4  1.02e+03     0.941     0.988     0.982     0.964     0.315    0.0597         0
   117/199     6.39G     0.189    0.0337         0     0.222         3  1.02e+03     0.951     0.988     0.982     0.969     0.315    0.0599         0
   118/199     6.39G     0.182    0.0329         0     0.215         4  1.02e+03     0.945     0.988     0.982     0.966     0.318    0.0594         0
   119/199     6.39G     0.184    0.0331         0     0.218         5  1.02e+03     0.951     0.988     0.981     0.969      0.31    0.0601         0
   120/199     6.39G     0.188    0.0333         0     0.221         3  1.02e+03     0.949     0.964     0.982     0.956     0.321    0.0598         0
   121/199     6.39G     0.181    0.0318         0     0.213         6  1.02e+03     0.949     0.988     0.982     0.968     0.316     0.059         0
   122/199     6.39G     0.183    0.0337         0     0.216         4  1.02e+03     0.953     0.985     0.982     0.969     0.321    0.0588         0
   123/199     6.39G     0.181    0.0333         0     0.214         3  1.02e+03     0.932     0.988     0.981     0.959     0.314    0.0592         0
   124/199     6.39G     0.177    0.0328         0      0.21         3  1.02e+03     0.942     0.983     0.982     0.962     0.314    0.0594         0
   125/199     6.39G      0.18    0.0333         0     0.213         5  1.02e+03     0.916     0.988     0.981     0.951     0.319    0.0589         0
   126/199     6.39G     0.176    0.0338         0      0.21         3  1.02e+03     0.941     0.988     0.982     0.964     0.308    0.0593         0
   127/199     6.39G     0.179    0.0332         0     0.212         4  1.02e+03     0.942     0.972     0.981     0.957     0.317    0.0591         0
   128/199     6.39G     0.178    0.0345         0     0.212         5  1.02e+03     0.942     0.988     0.982     0.964     0.311    0.0597         0
   129/199     6.39G     0.182    0.0341         0     0.216         5  1.02e+03     0.949     0.988     0.982     0.968     0.326    0.0592         0
   130/199     6.39G      0.18    0.0327         0     0.212         3  1.02e+03     0.942     0.988     0.982     0.965     0.317    0.0589         0
   131/199     6.39G     0.181    0.0327         0     0.214         5  1.02e+03     0.942     0.974     0.982     0.957     0.315    0.0593         0
   132/199     6.39G     0.177    0.0337         0     0.211         6  1.02e+03     0.942      0.97     0.982     0.956     0.318    0.0595         0
   133/199     6.39G     0.176    0.0328         0     0.209         3  1.02e+03     0.929     0.988     0.981     0.958     0.315    0.0587         0
   134/199     6.39G     0.175    0.0337         0     0.209         3  1.02e+03     0.942     0.988     0.982     0.964     0.308     0.059         0
   135/199     6.39G     0.174    0.0336         0     0.207         7  1.02e+03     0.946     0.988     0.982     0.966     0.319    0.0586         0
   136/199     6.39G     0.178    0.0326         0      0.21         4  1.02e+03     0.946     0.976     0.982     0.961     0.317    0.0592         0
   137/199     6.39G      0.17    0.0304         0     0.201         4  1.02e+03     0.927     0.988     0.982     0.957     0.321     0.059         0
   138/199     6.39G     0.171    0.0315         0     0.202         3  1.02e+03     0.931     0.988     0.982     0.959     0.321    0.0589         0
   139/199     6.39G     0.177    0.0335         0     0.211         5  1.02e+03     0.933     0.988     0.982      0.96     0.314    0.0585         0
   140/199     6.39G     0.172    0.0328         0     0.205         5  1.02e+03     0.955     0.988     0.981     0.971     0.321    0.0587         0
   141/199     6.39G      0.17    0.0326         0     0.202         3  1.02e+03     0.952     0.988     0.982      0.97     0.315    0.0584         0
   142/199     6.39G     0.168    0.0325         0     0.201         6  1.02e+03     0.942     0.981     0.981     0.961      0.32    0.0586         0
   143/199     6.39G     0.177    0.0349         0     0.212         6  1.02e+03     0.947     0.976     0.982     0.961     0.315    0.0588         0
   144/199     6.39G     0.175    0.0332         0     0.209         4  1.02e+03     0.931     0.976     0.982     0.953     0.318     0.059         0
   145/199     6.39G     0.175    0.0323         0     0.208         4  1.02e+03      0.92     0.988     0.981     0.953     0.319    0.0587         0
   146/199     6.39G     0.172    0.0334         0     0.206         4  1.02e+03     0.929     0.988     0.982     0.958     0.315    0.0585         0
   147/199     6.39G     0.168    0.0327         0       0.2         5  1.02e+03     0.942     0.984     0.982     0.962     0.314    0.0585         0
   148/199     6.39G      0.17    0.0327         0     0.202         5  1.02e+03     0.942     0.981     0.982     0.961     0.316    0.0586         0
   149/199     6.39G     0.165    0.0312         0     0.196         3  1.02e+03     0.942     0.986     0.982     0.963     0.318    0.0587         0
   150/199     6.39G     0.166    0.0304         0     0.196         4  1.02e+03     0.941     0.988     0.982     0.964     0.314    0.0586         0
   151/199     6.39G     0.167    0.0324         0     0.199         3  1.02e+03     0.934     0.988     0.981      0.96     0.317    0.0586         0
   152/199     6.39G     0.169    0.0331         0     0.202         3  1.02e+03     0.933     0.988     0.981      0.96     0.316    0.0584         0
   153/199     6.39G     0.171    0.0318         0     0.202         3  1.02e+03     0.937     0.976     0.981     0.956     0.314     0.059         0
   154/199     6.39G     0.174    0.0322         0     0.206         3  1.02e+03     0.939     0.976     0.981     0.957     0.314    0.0589         0
   155/199     6.39G     0.166    0.0312         0     0.197         5  1.02e+03     0.936     0.976     0.981     0.956     0.315    0.0588         0
   156/199     6.39G     0.166    0.0314         0     0.197         7  1.02e+03     0.942     0.985     0.981     0.963     0.313    0.0586         0
   157/199     6.39G     0.163     0.032         0     0.195         5  1.02e+03     0.941     0.988     0.981     0.964     0.316    0.0585         0
   158/199     6.39G     0.169     0.033         0     0.202         5  1.02e+03     0.937     0.988     0.981     0.962     0.313    0.0585         0
   159/199     6.39G     0.172    0.0325         0     0.204         3  1.02e+03     0.937     0.988     0.981     0.962     0.315    0.0587         0
   160/199     6.39G     0.165    0.0316         0     0.196         2  1.02e+03     0.935     0.976     0.981     0.955     0.315    0.0587         0
   161/199     6.39G     0.163    0.0309         0     0.194         5  1.02e+03      0.94     0.976     0.981     0.957     0.314     0.059         0
   162/199     6.39G     0.166    0.0336         0     0.199         5  1.02e+03     0.934     0.976     0.981     0.955     0.314    0.0588         0
   163/199     6.39G     0.164    0.0317         0     0.196         4  1.02e+03     0.943     0.987     0.981     0.964     0.314    0.0588         0
   164/199     6.39G     0.165    0.0317         0     0.197         3  1.02e+03     0.938     0.988     0.982     0.962     0.316    0.0586         0
   165/199     6.39G      0.17    0.0337         0     0.204         7  1.02e+03     0.928     0.988     0.982     0.957     0.315    0.0586         0
   166/199     6.39G     0.162    0.0311         0     0.193         6  1.02e+03     0.942     0.977     0.981     0.959     0.312    0.0586         0
   167/199     6.39G      0.16    0.0311         0     0.191         4  1.02e+03     0.935     0.976     0.981     0.955     0.314    0.0586         0
   168/199     6.39G     0.162    0.0303         0     0.193         2  1.02e+03     0.942      0.98     0.981     0.961     0.312    0.0587         0
   169/199     6.39G     0.162    0.0308         0     0.193         2  1.02e+03     0.938     0.988     0.981     0.962     0.315    0.0585         0
   170/199     6.39G     0.162    0.0323         0     0.194         3  1.02e+03      0.94     0.988     0.982     0.963     0.311    0.0584         0
   171/199     6.39G     0.162    0.0327         0     0.195         4  1.02e+03     0.938     0.988     0.981     0.962     0.317    0.0583         0
   172/199     6.39G      0.16    0.0313         0     0.192         2  1.02e+03     0.938     0.988     0.981     0.962     0.315    0.0583         0
   173/199     6.39G     0.159    0.0324         0     0.191         6  1.02e+03     0.939     0.988     0.981     0.963     0.314    0.0585         0
   174/199     6.39G     0.165    0.0306         0     0.196         4  1.02e+03      0.94     0.988     0.981     0.963     0.314    0.0584         0
   175/199     6.39G     0.163    0.0329         0     0.196         4  1.02e+03     0.938     0.988     0.981     0.962     0.314    0.0582         0
   176/199     6.39G     0.164     0.032         0     0.196         5  1.02e+03      0.94     0.988     0.982     0.964     0.316    0.0582         0
   177/199     6.39G     0.159    0.0299         0     0.188         2  1.02e+03     0.941     0.988     0.982     0.964     0.313    0.0585         0
   178/199     6.39G     0.159    0.0305         0      0.19         2  1.02e+03     0.941     0.988     0.982     0.964     0.314    0.0583         0
   179/199     6.39G     0.157    0.0313         0     0.189         4  1.02e+03      0.94     0.988     0.982     0.963     0.312    0.0583         0
   180/199     6.39G     0.161    0.0325         0     0.194         3  1.02e+03     0.941     0.988     0.982     0.964     0.313    0.0584         0
   181/199     6.39G      0.16    0.0318         0     0.192         8  1.02e+03     0.941     0.988     0.982     0.964     0.313    0.0583         0
   182/199     6.39G     0.161     0.031         0     0.192         4  1.02e+03      0.94     0.988     0.982     0.964     0.313    0.0583         0
   183/199     6.39G     0.157    0.0305         0     0.188         3  1.02e+03      0.94     0.988     0.982     0.964     0.313    0.0582         0
   184/199     6.39G     0.156    0.0302         0     0.186         6  1.02e+03     0.939     0.988     0.982     0.963     0.313    0.0583         0
   185/199     6.39G     0.157    0.0302         0     0.187         3  1.02e+03      0.94     0.988     0.982     0.963     0.313    0.0583         0
   186/199     6.39G      0.16     0.031         0     0.191         4  1.02e+03      0.94     0.988     0.982     0.963     0.314    0.0583         0
   187/199     6.39G      0.16    0.0311         0     0.192         4  1.02e+03      0.94     0.988     0.982     0.963     0.314    0.0583         0
   188/199     6.39G     0.164    0.0331         0     0.197         3  1.02e+03     0.939     0.988     0.982     0.963     0.313    0.0582         0
   189/199     6.39G     0.161    0.0322         0     0.193         4  1.02e+03      0.94     0.988     0.982     0.963     0.313    0.0584         0
   190/199     6.39G     0.156    0.0306         0     0.187         4  1.02e+03      0.94     0.988     0.982     0.963     0.313    0.0583         0
   191/199     6.39G     0.167    0.0322         0     0.199         4  1.02e+03      0.94     0.988     0.982     0.963     0.313    0.0583         0
   192/199     6.39G     0.162    0.0331         0     0.195         7  1.02e+03      0.94     0.988     0.982     0.963     0.314    0.0583         0
   193/199     6.39G     0.161    0.0333         0     0.194         5  1.02e+03      0.94     0.988     0.982     0.963     0.314    0.0583         0
   194/199     6.39G     0.159    0.0306         0     0.189         3  1.02e+03      0.94     0.988     0.981     0.963     0.313    0.0583         0
   195/199     6.39G     0.161    0.0323         0     0.193         4  1.02e+03      0.94     0.988     0.982     0.964     0.313    0.0583         0
   196/199     6.39G     0.162    0.0313         0     0.193         4  1.02e+03      0.94     0.988     0.981     0.963     0.313    0.0583         0
   197/199     6.39G     0.161    0.0316         0     0.193         4  1.02e+03      0.94     0.988     0.982     0.963     0.313    0.0583         0
   198/199     6.39G     0.161    0.0322         0     0.193         3  1.02e+03     0.941     0.988     0.982     0.964     0.314    0.0583         0
   199/199     6.39G     0.159    0.0319         0     0.191         6  1.02e+03      0.94     0.988     0.984     0.963     0.313    0.0583         0
